   ******************************** 
  ENER=   -0.0222   NEG=    0   POS=    0
  INTERNUCLEAR DISTANCES:
    9.8526    9.8526    9.8526
  HESSIAN EIGENVALUES:
    0.0000    0.0001    0.0000   -0.0000   -0.0000    0.0000    0.0000    0.0000   -0.0000
  FREQUENCIES 
      0.00     47.55     33.63      0.00      0.00     33.63      0.00      0.00      0.00
  HESSIAN EIGENVECTORS:
    0.3220    0.0088    0.2154   -0.3089   -0.1554    0.0176    0.8232   -0.1645    0.1591
    0.1842    0.5510    0.1339    0.4384    0.2287    0.5569    0.1472    0.2507   -0.0737
   -0.0133   -0.1723    0.5187    0.4791    0.2499   -0.1511   -0.0701   -0.4543    0.4183
   -0.3363   -0.1914   -0.1230    0.4007   -0.6572    0.1777    0.1685    0.2422    0.3522
    0.3442   -0.4112   -0.5493    0.4485    0.2975   -0.1625    0.2759    0.0505   -0.1264
   -0.1338   -0.3572   -0.1285   -0.3417    0.4353    0.5247   -0.0316    0.1473    0.4834
   -0.7686    0.1826   -0.0924    0.0427    0.3520   -0.1953    0.4279   -0.0406   -0.1368
    0.0607   -0.1397    0.4154   -0.0110    0.1562   -0.3944    0.0470    0.7857    0.0673
    0.1353    0.5296   -0.3902   -0.0502    0.0529   -0.3736   -0.0709    0.0415    0.6303
  INTERNAL COORDINATES:
    9.8526    1.0472    0.0000
  CARTESIAN COORDINATES:
   -6.4379   -9.2819   -2.3843   -4.4662    0.1980   -0.5626   -8.1506   -2.4767   -9.3002
  FIRST DERIVATIVE INTERNAL COORDINATES:
   -0.0000    0.0000    0.0000
